1645.0 120.0 3657.0
1387.0 170.0 4200.0
1460.0 170.0 4190.0
350.0 40.0 -1882.0
770.0 45.0 -1325.0
950.0 150.0 -930.0
260.0 10.0 -1830.0
255.0 35.0 -1830.0
327.0 50.0 -1815.0
302.0 45.0 -1845.0
277.0 45.0 -1840.0
277.0 45.0 -1825.0
277.0 35.0 -1810.0
230.0 25.0 -1835.0
240.0 35.0 -1830.0
265.0 40.0 -1835.0
272.0 30.0 -1815.0
292.0 45.0 -1800.0
302.0 40.0 -1755.0
282.0 45.0 -1790.0
312.0 50.0 -1800.0
270.0 45.0 -1845.0
260.0 15.0 -1840.0
245.0 35.0 -1775.0
240.0 5.0 -1840.0
245.0 25.0 -1810.0
265.0 45.0 -1825.0
255.0 15.0 -1830.0
215.0 35.0 -1835.0
287.0 50.0 -1780.0
292.0 50.0 -1785.0
312.0 50.0 -1775.0
287.0 40.0 -1790.0
235.0 25.0 -1815.0
287.0 50.0 -1800.0
240.0 30.0 -1790.0
302.0 35.0 -1850.0
250.0 30.0 -1785.0
287.0 30.0 -1830.0
287.0 50.0 -1810.0
250.0 30.0 -1815.0
302.0 45.0 -1770.0
277.0 10.0 -1785.0
272.0 5.0 -1775.0
312.0 30.0 -1862.0
302.0 35.0 -1830.0
350.0 5.0 -1770.0
312.0 0.0 -1835.0
317.0 0.0 -1785.0
287.0 5.0 -1872.0
1325.0 482.0 4000.0
1360.0 362.0 4025.0
1427.0 280.0 4005.0
1097.0 397.0 4240.0
557.0 140.0 -1447.0
960.0 255.0 -885.0
1012.0 190.0 -895.0
265.0 50.0 -1815.0
282.0 60.0 -1810.0
282.0 50.0 -1840.0
270.0 60.0 -1800.0
292.0 65.0 -1820.0
220.0 40.0 -1835.0
272.0 50.0 -1830.0
255.0 45.0 -1825.0
272.0 85.0 -1845.0
255.0 50.0 -1815.0
292.0 80.0 -1810.0
287.0 100.0 -1810.0
260.0 80.0 -1815.0
250.0 75.0 -1820.0
265.0 70.0 -1810.0
277.0 60.0 -1810.0
282.0 60.0 -1830.0
297.0 60.0 -1835.0
255.0 60.0 -1805.0
307.0 70.0 -1750.0
255.0 75.0 -1785.0
272.0 65.0 -1840.0
277.0 90.0 -1805.0
292.0 75.0 -1835.0
282.0 80.0 -1805.0
245.0 75.0 -1790.0
297.0 80.0 -1830.0
240.0 65.0 -1820.0
287.0 80.0 -1825.0
272.0 80.0 -1775.0
260.0 80.0 -1825.0
225.0 50.0 -1805.0
297.0 55.0 -1810.0
270.0 70.0 -1805.0
250.0 80.0 -1795.0
245.0 65.0 -1835.0
250.0 90.0 -1805.0
282.0 100.0 -1805.0
240.0 50.0 -1862.0
255.0 75.0 -1810.0
265.0 75.0 -1830.0
265.0 50.0 -1820.0
292.0 60.0 -1825.0
1302.0 547.0 3995.0
1205.0 597.0 3935.0
1157.0 655.0 3917.0
255.0 95.0 -1815.0
235.0 100.0 -1840.0
235.0 95.0 -1825.0
255.0 100.0 -1780.0
260.0 100.0 -1775.0
230.0 90.0 -1775.0
245.0 110.0 -1815.0
240.0 90.0 -1810.0
220.0 95.0 -1770.0
245.0 100.0 -1845.0
270.0 110.0 -1862.0
225.0 105.0 -1810.0
282.0 105.0 -1835.0
202.0 85.0 -1800.0
157.0 85.0 -1830.0
137.0 75.0 -1882.0
177.0 100.0 -1815.0
205.0 80.0 -1845.0
177.0 85.0 -1872.0
135.0 70.0 -1845.0
130.0 65.0 -1902.0
157.0 65.0 -1887.0
137.0 65.0 -1917.0
162.0 80.0 -1902.0
75.0 40.0 -1942.0
120.0 55.0 -1877.0
135.0 65.0 -1872.0
105.0 50.0 -1887.0
135.0 60.0 -1892.0
125.0 50.0 -1922.0
70.0 30.0 -1917.0
137.0 50.0 -1892.0
95.0 50.0 -1840.0
130.0 75.0 -1877.0
137.0 60.0 -1857.0
70.0 40.0 -1887.0
115.0 65.0 -1862.0
80.0 40.0 -1927.0
70.0 35.0 -1922.0
147.0 60.0 -1892.0
135.0 55.0 -1897.0
100.0 40.0 -1942.0
85.0 35.0 -1912.0
105.0 40.0 -1947.0
105.0 50.0 -1942.0
70.0 30.0 -1937.0
42.0 20.0 -1980.0
992.0 820.0 3902.0
1050.0 760.0 3877.0
1085.0 755.0 3912.0
900.0 582.0 4297.0
755.0 517.0 -905.0
775.0 512.0 -930.0
147.0 85.0 -1840.0
157.0 105.0 -1835.0
177.0 115.0 -1815.0
157.0 100.0 -1867.0
157.0 95.0 -1857.0
162.0 110.0 -1882.0
130.0 90.0 -1850.0
147.0 100.0 -1862.0
135.0 90.0 -1872.0
172.0 125.0 -1862.0
172.0 140.0 -1877.0
110.0 70.0 -1907.0
105.0 75.0 -1892.0
162.0 100.0 -1862.0
147.0 105.0 -1922.0
135.0 85.0 -1902.0
100.0 70.0 -1877.0
105.0 70.0 -1887.0
95.0 65.0 -1947.0
80.0 65.0 -1917.0
125.0 75.0 -1917.0
105.0 65.0 -1857.0
177.0 125.0 -1867.0
130.0 80.0 -1887.0
105.0 65.0 -1927.0
85.0 65.0 -1907.0
90.0 60.0 -1917.0
95.0 65.0 -1897.0
70.0 50.0 -1927.0
67.0 45.0 -1882.0
90.0 75.0 -1840.0
62.0 50.0 -1952.0
42.0 35.0 -1937.0
37.0 25.0 -1947.0
62.0 50.0 -1980.0
7.0 5.0 -1980.0
22.0 15.0 -2005.0
42.0 30.0 -2005.0
120.0 100.0 -1850.0
75.0 50.0 -1835.0
67.0 55.0 -1862.0
52.0 40.0 -1912.0
75.0 55.0 -1862.0
42.0 30.0 -1882.0
877.0 890.0 3857.0
882.0 840.0 3940.0
890.0 830.0 3935.0
775.0 920.0 3960.0
827.0 920.0 3935.0
172.0 175.0 -1825.0
115.0 130.0 -1857.0
142.0 130.0 -1810.0
125.0 110.0 -1840.0
157.0 165.0 -1785.0
137.0 125.0 -1877.0
100.0 95.0 -1882.0
67.0 60.0 -1902.0
125.0 110.0 -1922.0
80.0 80.0 -1922.0
80.0 70.0 -1917.0
75.0 85.0 -1907.0
37.0 35.0 -1882.0
70.0 75.0 -1897.0
75.0 80.0 -1942.0
37.0 40.0 -1970.0
70.0 60.0 -1867.0
62.0 65.0 -1887.0
47.0 45.0 -1932.0
70.0 70.0 -1937.0
70.0 80.0 -1927.0
62.0 65.0 -1932.0
42.0 45.0 -1922.0
90.0 85.0 -1897.0
32.0 35.0 -1995.0
42.0 50.0 -1897.0
75.0 80.0 -1867.0
90.0 80.0 -1917.0
47.0 55.0 -1877.0
42.0 50.0 -1877.0
37.0 40.0 -1922.0
42.0 50.0 -1907.0
37.0 40.0 -1857.0
42.0 45.0 -1912.0
67.0 70.0 -1932.0
67.0 65.0 -1917.0
42.0 40.0 -1897.0
62.0 60.0 -1902.0
37.0 40.0 -1927.0
37.0 35.0 -1975.0
52.0 45.0 -1937.0
32.0 30.0 -1937.0
27.0 30.0 -1917.0
17.0 15.0 -1937.0
22.0 25.0 -1912.0
317.0 507.0 -1717.0
737.0 1012.0 3955.0
780.0 982.0 3907.0
815.0 1047.0 3955.0
607.0 890.0 4292.0
495.0 835.0 -975.0
562.0 675.0 -955.0
130.0 155.0 -1785.0
95.0 115.0 -1825.0
110.0 155.0 -1877.0
130.0 190.0 -1820.0
125.0 165.0 -1850.0
100.0 125.0 -1892.0
85.0 110.0 -1912.0
85.0 120.0 -1927.0
47.0 70.0 -1927.0
37.0 45.0 -1957.0
47.0 60.0 -1937.0
47.0 70.0 -1937.0
52.0 90.0 -1927.0
57.0 95.0 -1912.0
47.0 65.0 -1947.0
62.0 75.0 -1867.0
62.0 85.0 -1897.0
42.0 60.0 -1927.0
42.0 60.0 -1937.0
17.0 25.0 -1942.0
67.0 100.0 -1980.0
57.0 75.0 -1917.0
62.0 85.0 -1917.0
70.0 110.0 -1927.0
57.0 80.0 -1942.0
47.0 75.0 -1932.0
70.0 100.0 -1912.0
22.0 30.0 -1932.0
32.0 50.0 -1965.0
7.0 10.0 -1990.0
12.0 15.0 -1990.0
12.0 15.0 -2000.0
7.0 10.0 -1975.0
70.0 110.0 -1840.0
67.0 90.0 -1825.0
57.0 75.0 -1877.0
42.0 65.0 -1912.0
42.0 65.0 -1892.0
67.0 95.0 -1892.0
17.0 25.0 -1922.0
42.0 60.0 -1932.0
57.0 75.0 -1892.0
27.0 45.0 -1897.0
665.0 1212.0 3990.0
417.0 1062.0 4277.0
395.0 860.0 -867.0
100.0 195.0 -1830.0
95.0 180.0 -1845.0
42.0 75.0 -1887.0
47.0 100.0 -1932.0
32.0 70.0 -1907.0
42.0 75.0 -1932.0
62.0 115.0 -1942.0
42.0 95.0 -1927.0
42.0 80.0 -1902.0
37.0 100.0 -1932.0
57.0 100.0 -1917.0
80.0 155.0 -1902.0
22.0 45.0 -1927.0
42.0 95.0 -1927.0
57.0 120.0 -1932.0
22.0 50.0 -1957.0
27.0 65.0 -1952.0
47.0 90.0 -1980.0
37.0 70.0 -1990.0
37.0 100.0 -1942.0
37.0 75.0 -1922.0
52.0 105.0 -1882.0
42.0 100.0 -1942.0
12.0 25.0 -1965.0
22.0 60.0 -1947.0
27.0 50.0 -1970.0
22.0 60.0 -1995.0
27.0 70.0 -1947.0
32.0 60.0 -2000.0
42.0 85.0 -2005.0
32.0 70.0 -1942.0
12.0 30.0 -1985.0
52.0 135.0 -1845.0
42.0 75.0 -1887.0
42.0 75.0 -1927.0
27.0 60.0 -1850.0
37.0 65.0 -1927.0
22.0 45.0 -1897.0
37.0 70.0 -1990.0
32.0 70.0 -1867.0
22.0 55.0 -1887.0
12.0 25.0 -1922.0
37.0 70.0 -1902.0
22.0 55.0 -1927.0
17.0 45.0 -1927.0
37.0 70.0 -1947.0
22.0 45.0 -1907.0
167.0 650.0 -1687.0
287.0 1122.0 -812.0
302.0 1052.0 -875.0
292.0 1007.0 -857.0
22.0 95.0 -1877.0
17.0 85.0 -1922.0
17.0 90.0 -1952.0
27.0 115.0 -1917.0
22.0 75.0 -1970.0
22.0 75.0 -1985.0
27.0 95.0 -1957.0
22.0 90.0 -1922.0
42.0 140.0 -1952.0
27.0 90.0 -1947.0
27.0 140.0 -1937.0
52.0 155.0 -1927.0
32.0 135.0 -1932.0
27.0 125.0 -1922.0
17.0 95.0 -1942.0
17.0 80.0 -1932.0
27.0 110.0 -1927.0
32.0 100.0 -1957.0
17.0 85.0 -1927.0
37.0 120.0 -1952.0
17.0 90.0 -1917.0
27.0 75.0 -1927.0
42.0 135.0 -1927.0
22.0 115.0 -1922.0
22.0 65.0 -1937.0
27.0 95.0 -1927.0
17.0 90.0 -1922.0
12.0 50.0 -1927.0
32.0 90.0 -1947.0
7.0 25.0 -1995.0
17.0 50.0 -1965.0
12.0 45.0 -1927.0
22.0 70.0 -1922.0
12.0 40.0 -1957.0
7.0 30.0 -1937.0
2.0 10.0 -1965.0
42.0 155.0 -1857.0
42.0 175.0 -1850.0
27.0 75.0 -1902.0
37.0 135.0 -1872.0
32.0 100.0 -1892.0
27.0 135.0 -1927.0
22.0 75.0 -1932.0
22.0 100.0 -1980.0
27.0 80.0 -1887.0
17.0 75.0 -1892.0
105.0 1345.0 -792.0
95.0 1320.0 -767.0
2.0 347.0 -1540.0
2.0 332.0 -1590.0
12.0 125.0 -1980.0
7.0 45.0 -2020.0
7.0 60.0 -1985.0
12.0 80.0 -1917.0
12.0 95.0 -1912.0
2.0 100.0 -1932.0
7.0 125.0 -1907.0
17.0 155.0 -1917.0
2.0 110.0 -1867.0
12.0 100.0 -1952.0
2.0 110.0 -1952.0
2.0 120.0 -1932.0
17.0 120.0 -1965.0
7.0 105.0 -1917.0
17.0 100.0 -1882.0
12.0 130.0 -1970.0
7.0 120.0 -1922.0
7.0 75.0 -1970.0
2.0 80.0 -1980.0
2.0 75.0 -1965.0
2.0 105.0 -1932.0
12.0 170.0 -1942.0
27.0 165.0 -1970.0
2.0 95.0 -1932.0
12.0 105.0 -1922.0
22.0 150.0 -1947.0
12.0 100.0 -1947.0
12.0 100.0 -1897.0
27.0 180.0 -1965.0
32.0 185.0 -1965.0
2.0 85.0 -1917.0
2.0 120.0 -1897.0
7.0 105.0 -1947.0
7.0 125.0 -1917.0
2.0 105.0 -1952.0
2.0 125.0 -1897.0
12.0 150.0 -1957.0
7.0 95.0 -1937.0
12.0 105.0 -1942.0
12.0 125.0 -1985.0
12.0 170.0 -1897.0
7.0 175.0 -1965.0
17.0 125.0 -1892.0
17.0 110.0 -1932.0
2.0 80.0 -1902.0
12.0 90.0 -1985.0
-67.0 462.0 -1835.0
-22.0 577.0 -1755.0
-17.0 1425.0 4170.0
-22.0 1410.0 4195.0
-100.0 1262.0 -905.0
-130.0 770.0 -1340.0
-115.0 675.0 -1370.0
-105.0 617.0 -1472.0
-80.0 632.0 -1432.0
-52.0 562.0 -1410.0
-70.0 597.0 -1410.0
-105.0 617.0 -1467.0
-100.0 602.0 -1432.0
-80.0 577.0 -1415.0
-95.0 577.0 -1447.0
-95.0 582.0 -1405.0
-70.0 582.0 -1472.0
-85.0 517.0 -1457.0
-12.0 372.0 -1550.0
0.0 337.0 -1565.0
-32.0 397.0 -1565.0
0.0 352.0 -1565.0
-17.0 347.0 -1575.0
-7.0 305.0 -1590.0
0.0 295.0 -1560.0
-27.0 337.0 -1550.0
-62.0 352.0 -1585.0
-67.0 392.0 -1565.0
-42.0 407.0 -1555.0
-67.0 412.0 -1570.0
-42.0 457.0 -1600.0
-70.0 417.0 -1550.0
-42.0 397.0 -1575.0
-12.0 457.0 -1605.0
-70.0 422.0 -1565.0
-42.0 412.0 -1610.0
-67.0 412.0 -1550.0
-42.0 382.0 -1555.0
-52.0 412.0 -1540.0
-57.0 422.0 -1535.0
-47.0 372.0 -1512.0
-52.0 427.0 -1530.0
-75.0 427.0 -1550.0
-80.0 467.0 -1522.0
-70.0 397.0 -1570.0
-67.0 437.0 -1615.0
-47.0 397.0 -1570.0
-27.0 392.0 -1555.0
-52.0 422.0 -1550.0
-62.0 427.0 -1560.0
-265.0 1305.0 -915.0
-220.0 632.0 -1535.0
-225.0 660.0 -1452.0
-172.0 760.0 -1405.0
-162.0 750.0 -1330.0
-147.0 785.0 -1375.0
-157.0 785.0 -1350.0
-177.0 770.0 -1370.0
-187.0 795.0 -1345.0
-220.0 800.0 -1325.0
-162.0 750.0 -1380.0
-137.0 765.0 -1390.0
-167.0 800.0 -1365.0
-167.0 760.0 -1360.0
-210.0 765.0 -1375.0
-187.0 810.0 -1395.0
-157.0 775.0 -1375.0
-177.0 790.0 -1375.0
-205.0 780.0 -1375.0
-235.0 805.0 -1442.0
-197.0 805.0 -1350.0
-177.0 800.0 -1400.0
-220.0 765.0 -1375.0
-225.0 795.0 -1405.0
-157.0 765.0 -1390.0
-192.0 805.0 -1375.0
-240.0 785.0 -1350.0
-240.0 830.0 -1345.0
-240.0 805.0 -1390.0
-245.0 800.0 -1390.0
-177.0 770.0 -1380.0
-167.0 785.0 -1447.0
-215.0 760.0 -1437.0
-225.0 810.0 -1422.0
-270.0 785.0 -1427.0
-250.0 800.0 -1422.0
-225.0 765.0 -1390.0
-225.0 770.0 -1365.0
-205.0 755.0 -1442.0
-215.0 775.0 -1452.0
-265.0 800.0 -1432.0
-202.0 835.0 -1432.0
-265.0 760.0 -1427.0
-230.0 755.0 -1452.0
-192.0 795.0 -1415.0
-230.0 755.0 -1427.0
-272.0 795.0 -1427.0
-255.0 795.0 -1422.0
-220.0 770.0 -1375.0
-235.0 765.0 -1385.0
-240.0 617.0 -1647.0
-380.0 745.0 -1697.0
-872.0 1612.0 -1165.0
-675.0 1485.0 -1072.0
-495.0 1325.0 -1072.0
-547.0 1355.0 -1110.0
-645.0 1340.0 -1180.0
-752.0 1355.0 -1145.0
-572.0 1032.0 -1432.0
-535.0 1007.0 -1415.0
-477.0 935.0 -1410.0
-417.0 845.0 -1385.0
-412.0 895.0 -1405.0
-412.0 910.0 -1442.0
-457.0 905.0 -1422.0
-427.0 855.0 -1457.0
-447.0 880.0 -1437.0
-410.0 840.0 -1422.0
-422.0 860.0 -1487.0
-395.0 865.0 -1432.0
-427.0 845.0 -1442.0
-395.0 850.0 -1427.0
-410.0 840.0 -1405.0
-442.0 850.0 -1452.0
-477.0 880.0 -1442.0
-417.0 875.0 -1442.0
-395.0 850.0 -1482.0
-432.0 885.0 -1442.0
-405.0 855.0 -1437.0
-410.0 860.0 -1405.0
-432.0 860.0 -1442.0
-405.0 905.0 -1427.0
-375.0 870.0 -1437.0
-395.0 845.0 -1390.0
-417.0 895.0 -1395.0
-380.0 870.0 -1492.0
-375.0 855.0 -1467.0
-410.0 865.0 -1462.0
-395.0 840.0 -1472.0
-410.0 830.0 -1477.0
-410.0 860.0 -1442.0
-350.0 815.0 -1457.0
-385.0 830.0 -1482.0
-412.0 835.0 -1447.0
-390.0 800.0 -1452.0
-417.0 835.0 -1462.0
-417.0 830.0 -1437.0
-432.0 840.0 -1442.0
-447.0 810.0 -1492.0
-410.0 790.0 -1432.0
-1040.0 1360.0 -1227.0
-967.0 1187.0 -1432.0
-940.0 1142.0 -1437.0
-887.0 1172.0 -1380.0
-895.0 1167.0 -1410.0
-915.0 1182.0 -1442.0
-900.0 1202.0 -1422.0
-887.0 1187.0 -1452.0
-950.0 1142.0 -1432.0
-877.0 1147.0 -1477.0
-872.0 1182.0 -1427.0
-882.0 1127.0 -1467.0
-877.0 1127.0 -1422.0
-890.0 1157.0 -1437.0
-895.0 1152.0 -1427.0
-862.0 1117.0 -1457.0
-900.0 1147.0 -1415.0
-867.0 1132.0 -1400.0
-857.0 1127.0 -1467.0
-815.0 1067.0 -1405.0
-820.0 1067.0 -1437.0
-900.0 1132.0 -1447.0
-867.0 1122.0 -1427.0
-837.0 1117.0 -1422.0
-857.0 1097.0 -1415.0
-857.0 1112.0 -1462.0
-820.0 1072.0 -1432.0
-827.0 1087.0 -1447.0
-847.0 1092.0 -1427.0
-815.0 1047.0 -1497.0
-795.0 1047.0 -1517.0
-815.0 1077.0 -1492.0
-857.0 1097.0 -1437.0
-827.0 1062.0 -1447.0
-832.0 1077.0 -1462.0
-857.0 1107.0 -1477.0
-832.0 1127.0 -1472.0
-820.0 1082.0 -1457.0
-832.0 1082.0 -1452.0
-867.0 1047.0 -1487.0
-877.0 1052.0 -1497.0
-857.0 1097.0 -1492.0
-842.0 1087.0 -1462.0
-822.0 1042.0 -1452.0
-765.0 1047.0 -1492.0
-697.0 967.0 -1477.0
-680.0 1047.0 -1482.0
-567.0 945.0 -1422.0
-617.0 935.0 -1415.0
-607.0 977.0 -1482.0
-992.0 950.0 -1755.0
-1485.0 1490.0 -1375.0
-1252.0 1445.0 -1330.0
-1495.0 1450.0 -1350.0
-1517.0 1445.0 -1330.0
-1412.0 1395.0 -1315.0
-1445.0 1425.0 -1360.0
-1470.0 1380.0 -1355.0
-1450.0 1390.0 -1385.0
-1427.0 1350.0 -1395.0
-1412.0 1375.0 -1437.0
-1335.0 1385.0 -1325.0
-1320.0 1380.0 -1370.0
-1310.0 1375.0 -1355.0
-1302.0 1345.0 -1360.0
-1262.0 1325.0 -1355.0
-1277.0 1325.0 -1365.0
-1267.0 1315.0 -1390.0
-1292.0 1325.0 -1380.0
-1292.0 1325.0 -1395.0
-1262.0 1350.0 -1345.0
-1282.0 1375.0 -1340.0
-1277.0 1330.0 -1405.0
-1277.0 1335.0 -1395.0
-1262.0 1350.0 -1370.0
-1267.0 1305.0 -1345.0
-1247.0 1300.0 -1375.0
-1215.0 1330.0 -1410.0
-1242.0 1320.0 -1447.0
-1257.0 1325.0 -1422.0
-1230.0 1305.0 -1415.0
-1205.0 1330.0 -1415.0
-1247.0 1310.0 -1437.0
-1195.0 1390.0 -1385.0
-1165.0 1375.0 -1350.0
-1190.0 1290.0 -1345.0
-1247.0 1305.0 -1350.0
-1205.0 1282.0 -1350.0
-1200.0 1315.0 -1405.0
-1205.0 1315.0 -1370.0
-1190.0 1345.0 -1405.0
-1162.0 1310.0 -1360.0
-1175.0 1290.0 -1422.0
-1162.0 1262.0 -1355.0
-1157.0 1282.0 -1370.0
-1180.0 1272.0 -1452.0
-1137.0 1232.0 -1437.0
-1190.0 1257.0 -1427.0
-1195.0 1262.0 -1452.0
-1185.0 1262.0 -1432.0
-535.0 315.0 -2082.0
-477.0 387.0 -2000.0
-1180.0 930.0 -1765.0
-1652.0 1257.0 -1672.0
-1837.0 1247.0 -1637.0
-1702.0 1365.0 -1487.0
-1370.0 1107.0 -1625.0
-1382.0 1137.0 -1625.0
-1475.0 1142.0 -1652.0
-1552.0 1157.0 -1677.0
-1450.0 1142.0 -1625.0
-1437.0 1127.0 -1625.0
-1422.0 1082.0 -1667.0
-1460.0 1122.0 -1647.0
-1445.0 1092.0 -1667.0
-1480.0 1062.0 -1652.0
-1455.0 1082.0 -1692.0
-1422.0 1077.0 -1672.0
-1485.0 1067.0 -1722.0
-1507.0 1067.0 -1742.0
-1507.0 1047.0 -1707.0
-1412.0 1062.0 -1732.0
-1465.0 1027.0 -1717.0
-1517.0 987.0 -1750.0
-1417.0 1052.0 -1697.0
-1422.0 1037.0 -1697.0
-1382.0 1082.0 -1682.0
-1397.0 1032.0 -1697.0
-1355.0 997.0 -1780.0
-1402.0 977.0 -1737.0
-1445.0 1007.0 -1717.0
-1455.0 1017.0 -1765.0
-1432.0 1042.0 -1707.0
-1407.0 997.0 -1732.0
-1422.0 992.0 -1750.0
-1397.0 977.0 -1732.0
-1382.0 1002.0 -1727.0
-1382.0 1052.0 -1770.0
-1392.0 1002.0 -1765.0
-1412.0 967.0 -1732.0
-1437.0 972.0 -1755.0
-1392.0 972.0 -1742.0
-1440.0 982.0 -1742.0
-1402.0 997.0 -1732.0
-1387.0 977.0 -1717.0
-1377.0 1012.0 -1707.0
-1460.0 1007.0 -1750.0
-1412.0 977.0 -1727.0
-1450.0 1002.0 -1750.0
-1460.0 987.0 -1722.0
-1200.0 497.0 -2327.0
-1355.0 512.0 -2367.0
-1505.0 582.0 -2307.0
-592.0 225.0 -2245.0
-2325.0 1072.0 -1810.0
-2487.0 992.0 -1790.0
-1797.0 1017.0 -1702.0
-1920.0 1037.0 -1712.0
-2362.0 1067.0 -1697.0
-2555.0 1042.0 -1737.0
-2517.0 1022.0 -1652.0
-2522.0 1067.0 -1702.0
-2652.0 997.0 -1707.0
-2767.0 1042.0 -1682.0
-1922.0 945.0 -1805.0
-2077.0 1042.0 -1667.0
-2145.0 1067.0 -1722.0
-2420.0 1097.0 -1717.0
-2435.0 1047.0 -1697.0
-2362.0 1022.0 -1717.0
-2300.0 972.0 -1737.0
-2325.0 1007.0 -1750.0
-2305.0 1042.0 -1717.0
-2362.0 940.0 -1742.0
-2367.0 915.0 -1810.0
-2342.0 955.0 -1790.0
-2325.0 997.0 -1750.0
-2295.0 945.0 -1770.0
-2270.0 940.0 -1795.0
-2285.0 900.0 -1790.0
-2320.0 890.0 -1775.0
-2357.0 950.0 -1815.0
-2372.0 905.0 -1815.0
-2372.0 987.0 -1770.0
-2387.0 972.0 -1765.0
-2372.0 987.0 -1775.0
-2352.0 992.0 -1737.0
-2420.0 1057.0 -1692.0
-2420.0 1007.0 -1742.0
-2352.0 977.0 -1770.0
-2330.0 977.0 -1765.0
-2320.0 982.0 -1737.0
-2330.0 997.0 -1760.0
-2315.0 930.0 -1765.0
-2337.0 972.0 -1702.0
-2342.0 987.0 -1742.0
-2347.0 1017.0 -1732.0
-2342.0 1102.0 -1702.0
-2362.0 1072.0 -1727.0
-2357.0 1032.0 -1707.0
-900.0 160.0 -2255.0
-900.0 170.0 -2275.0
-747.0 205.0 -2167.0
-660.0 225.0 -2107.0
-805.0 250.0 -2367.0
-872.0 310.0 -2362.0
-1605.0 502.0 -2357.0
-1832.0 417.0 -2430.0
-1922.0 452.0 -2470.0
-2197.0 412.0 -2440.0
-2617.0 462.0 -2342.0
-2565.0 472.0 -2322.0
-2460.0 542.0 -2337.0
-2460.0 537.0 -2302.0
-2400.0 572.0 -2285.0
-2382.0 602.0 -2307.0
-2207.0 462.0 -2357.0
-1050.0 270.0 -2405.0
-962.0 332.0 -2307.0
-987.0 225.0 -2377.0
-2975.0 972.0 -1760.0
-3167.0 890.0 -1780.0
-3592.0 800.0 -1682.0
-3100.0 972.0 -1742.0
-3010.0 1087.0 -1565.0
-3047.0 1072.0 -1600.0
-3120.0 1062.0 -1605.0
-3105.0 1082.0 -1565.0
-3110.0 1092.0 -1575.0
-3087.0 1082.0 -1570.0
-3090.0 1092.0 -1585.0
-3087.0 1067.0 -1605.0
-3062.0 1082.0 -1652.0
-3037.0 1097.0 -1620.0
-3057.0 1102.0 -1590.0
-3057.0 1102.0 -1585.0
-3072.0 1082.0 -1610.0
-3057.0 1102.0 -1555.0
-3037.0 1097.0 -1575.0
-3057.0 1092.0 -1570.0
-3047.0 1107.0 -1595.0
-3010.0 1072.0 -1630.0
-3057.0 1082.0 -1570.0
-2975.0 1067.0 -1595.0
-2995.0 1087.0 -1625.0
-3072.0 1077.0 -1570.0
-3047.0 1062.0 -1590.0
-3032.0 1097.0 -1575.0
-3047.0 1097.0 -1630.0
-3037.0 1077.0 -1570.0
-4385.0 5.0 -1965.0
-4340.0 60.0 -2005.0
-4017.0 195.0 -2127.0
-3925.0 285.0 -2087.0
-3805.0 527.0 -1995.0
-3857.0 482.0 -1990.0
-4262.0 367.0 -1862.0
-4392.0 367.0 -1717.0
-3550.0 10.0 -2302.0
-3487.0 110.0 -2265.0
-1600.0 30.0 -2430.0
-1432.0 205.0 -2362.0
-1382.0 100.0 -2392.0
-2392.0 367.0 -2415.0
-2580.0 332.0 -2430.0
-2657.0 280.0 -2465.0
-2067.0 175.0 -2485.0
-1152.0 180.0 -2485.0
-837.0 95.0 -2347.0
-3612.0 562.0 -1845.0
-3727.0 557.0 -1857.0
-4312.0 607.0 -1400.0
-4412.0 655.0 -1380.0
-4765.0 427.0 -1272.0
-4750.0 467.0 -1267.0
-4702.0 537.0 -1310.0
-4692.0 542.0 -1302.0
-4640.0 497.0 -1350.0
-4605.0 497.0 -1385.0
-4480.0 352.0 -1570.0
-4615.0 322.0 -1512.0
-4707.0 110.0 -1565.0
-4682.0 125.0 -1530.0
-4745.0 95.0 -1472.0
-4770.0 145.0 -1432.0
-4727.0 235.0 -1422.0
-4707.0 175.0 -1457.0
-4745.0 155.0 -1467.0
-4712.0 185.0 -1462.0
-4727.0 140.0 -1487.0
-4722.0 160.0 -1467.0
-4682.0 120.0 -1467.0
-4735.0 145.0 -1452.0
-4702.0 95.0 -1472.0
-4735.0 25.0 -1540.0
-4702.0 130.0 -1477.0
-4735.0 115.0 -1442.0
-4702.0 45.0 -1550.0
-4702.0 65.0 -1497.0
-4760.0 65.0 -1507.0
-4745.0 -815.0 -2102.0
-4267.0 -597.0 -2322.0
-4330.0 -462.0 -2235.0
-4220.0 -195.0 -2167.0
-3842.0 -332.0 -2410.0
-3410.0 -70.0 -2357.0
-3292.0 -290.0 -2470.0
-3110.0 -377.0 -2557.0
-3087.0 -190.0 -2490.0
-1995.0 -310.0 -2660.0
-1905.0 -250.0 -2607.0
-1567.0 -15.0 -2485.0
-4837.0 -165.0 -1545.0
-4862.0 -190.0 -1517.0
-4987.0 -220.0 -1447.0
-5035.0 -225.0 -1457.0
-5040.0 -250.0 -1467.0
-5020.0 -255.0 -1447.0
-5020.0 -185.0 -1437.0
-5050.0 -155.0 -1427.0
-5070.0 -190.0 -1390.0
-5092.0 -175.0 -1452.0
-5035.0 -200.0 -1442.0
-4967.0 -215.0 -1487.0
-5010.0 -195.0 -1487.0
-5020.0 -225.0 -1452.0
-5070.0 -210.0 -1390.0
-4982.0 -195.0 -1437.0
-5035.0 -210.0 -1432.0
-5002.0 -220.0 -1442.0
-4997.0 -190.0 -1472.0
-4997.0 -210.0 -1467.0
-5020.0 -205.0 -1447.0
-4972.0 -155.0 -1467.0
-4972.0 -205.0 -1457.0
-5007.0 -200.0 -1472.0
-4997.0 -160.0 -1447.0
-4992.0 -125.0 -1457.0
-5035.0 -190.0 -1447.0
-4972.0 -175.0 -1437.0
-5045.0 -240.0 -1497.0
-5015.0 -200.0 -1507.0
-4997.0 -215.0 -1447.0
-5030.0 -220.0 -1457.0
-5035.0 -205.0 -1477.0
-4997.0 -185.0 -1497.0
-5007.0 -195.0 -1457.0
-5015.0 -215.0 -1467.0
-4997.0 -215.0 -1462.0
-5030.0 -205.0 -1477.0
-5547.0 -1980.0 -1810.0
-5507.0 -1787.0 -1845.0
-5547.0 -1722.0 -1820.0
-5537.0 -1812.0 -1770.0
-5512.0 -1767.0 -1800.0
-5547.0 -1960.0 -1800.0
-5537.0 -2010.0 -1830.0
-5537.0 -1862.0 -1737.0
-5627.0 -1812.0 -1702.0
-5542.0 -1637.0 -1770.0
-5560.0 -1662.0 -1657.0
-5512.0 -1627.0 -1702.0
-5407.0 -1667.0 -1712.0
-5692.0 -2000.0 -1575.0
-5615.0 -1970.0 -1555.0
-5662.0 -2045.0 -1530.0
-5107.0 -1410.0 -1942.0
-5065.0 -1350.0 -1990.0
-4880.0 -870.0 -2005.0
-1987.0 -367.0 -2715.0
-2185.0 -387.0 -2695.0
-2207.0 -497.0 -2737.0
-2165.0 -432.0 -2777.0
-477.0 -95.0 -2397.0
-5417.0 -1052.0 -1452.0
-5460.0 -1042.0 -1472.0
-5547.0 -1232.0 -1432.0
-5600.0 -1222.0 -1390.0
-5560.0 -1252.0 -1415.0
-5542.0 -1242.0 -1432.0
-5552.0 -1267.0 -1390.0
-5565.0 -1237.0 -1355.0
-5560.0 -1242.0 -1427.0
-5492.0 -1262.0 -1375.0
-5507.0 -1247.0 -1390.0
-5542.0 -1257.0 -1452.0
-5517.0 -1232.0 -1487.0
-5517.0 -1242.0 -1447.0
-5557.0 -1247.0 -1385.0
-5502.0 -1197.0 -1405.0
-5522.0 -1147.0 -1452.0
-5512.0 -1177.0 -1370.0
-5502.0 -1197.0 -1487.0
-5485.0 -1222.0 -1530.0
-5465.0 -1222.0 -1447.0
-5502.0 -1182.0 -1462.0
-5497.0 -1162.0 -1502.0
-5470.0 -1172.0 -1502.0
-5485.0 -1152.0 -1472.0
-5480.0 -1137.0 -1477.0
-5517.0 -3117.0 -1667.0
-5552.0 -2947.0 -1647.0
-5465.0 -2427.0 -1840.0
-5517.0 -2467.0 -1790.0
-5512.0 -2472.0 -1815.0
-5557.0 -2572.0 -1732.0
-5507.0 -2547.0 -1805.0
-5527.0 -2635.0 -1732.0
-5565.0 -2690.0 -1727.0
-5575.0 -2567.0 -1702.0
-5547.0 -2552.0 -1722.0
-5565.0 -2572.0 -1727.0
-5547.0 -2547.0 -1775.0
-5560.0 -2552.0 -1775.0
-5557.0 -2585.0 -1737.0
-5560.0 -2630.0 -1707.0
-5557.0 -3027.0 -1667.0
-5547.0 -3162.0 -1642.0
-5492.0 -3022.0 -1712.0
-5512.0 -2917.0 -1732.0
-5547.0 -2457.0 -1810.0
-5600.0 -2337.0 -1825.0
-5547.0 -2145.0 -1825.0
-5527.0 -2085.0 -1830.0
-5532.0 -2070.0 -1805.0
-5402.0 -2130.0 -1652.0
-5460.0 -2245.0 -1702.0
-5735.0 -2105.0 -1565.0
-5720.0 -2272.0 -1467.0
-5755.0 -2282.0 -1432.0
-5812.0 -2625.0 -1335.0
-5782.0 -2840.0 -1325.0
-5487.0 -2795.0 -1620.0
-5492.0 -2640.0 -1585.0
-5440.0 -2075.0 -1707.0
-5352.0 -2000.0 -1825.0
-312.0 -175.0 -2430.0
-2190.0 -1132.0 -2940.0
-2512.0 -1380.0 -3012.0
-1900.0 -745.0 -2880.0
-5512.0 -2110.0 -1570.0
-5522.0 -2195.0 -1585.0
-5512.0 -2387.0 -1630.0
-5565.0 -2407.0 -1512.0
-5575.0 -2322.0 -1585.0
-5557.0 -2322.0 -1620.0
-5552.0 -2352.0 -1565.0
-5580.0 -2337.0 -1560.0
-5547.0 -2272.0 -1555.0
-5552.0 -2230.0 -1535.0
-5642.0 -4247.0 -867.0
-5687.0 -4135.0 -925.0
-5570.0 -4105.0 -1072.0
-5625.0 -3847.0 -1202.0
-5657.0 -3632.0 -1340.0
-5632.0 -3662.0 -1370.0
-5475.0 -3290.0 -1605.0
-5430.0 -3305.0 -1620.0
-5435.0 -3405.0 -1637.0
-5425.0 -3460.0 -1647.0
-5407.0 -3480.0 -1677.0
-5417.0 -3465.0 -1667.0
-5542.0 -3355.0 -1462.0
-5492.0 -3525.0 -1415.0
-5350.0 -4075.0 -1277.0
-5310.0 -4070.0 -1272.0
-5175.0 -4307.0 -1287.0
-5352.0 -4217.0 -1370.0
-5460.0 -4005.0 -1340.0
-5450.0 -3592.0 -1487.0
-5392.0 -3410.0 -1565.0
-2150.0 -1605.0 -2977.0
-2585.0 -1965.0 -3042.0
-2880.0 -2020.0 -2940.0
-5402.0 -3230.0 -1545.0
-5397.0 -3270.0 -1585.0
-5407.0 -3265.0 -1522.0
-5387.0 -3290.0 -1565.0
-5435.0 -3265.0 -1502.0
-5460.0 -3295.0 -1517.0
-5420.0 -3330.0 -1507.0
-5407.0 -3285.0 -1497.0
-5455.0 -3265.0 -1502.0
-5465.0 -3255.0 -1530.0
-5517.0 -3245.0 -1442.0
-5620.0 -3330.0 -1302.0
-5507.0 -3415.0 -1335.0
-5527.0 -3415.0 -1390.0
-5570.0 -3390.0 -1395.0
-5560.0 -3420.0 -1380.0
-5560.0 -3470.0 -1365.0
-5627.0 -3475.0 -1315.0
-5600.0 -3445.0 -1340.0
-5580.0 -3500.0 -1310.0
-5527.0 -3505.0 -1277.0
-5512.0 -3607.0 -1330.0
-5512.0 -3632.0 -1282.0
-5537.0 -3667.0 -1325.0
-5542.0 -3632.0 -1297.0
-5502.0 -3707.0 -1287.0
-4292.0 -5007.0 4257.0
-4600.0 -5002.0 4025.0
-4620.0 -5007.0 4020.0
-4807.0 -5047.0 3822.0
-4867.0 -5042.0 3702.0
-4967.0 -5057.0 3637.0
-5010.0 -5082.0 3520.0
-5107.0 -5102.0 3380.0
-5117.0 -5052.0 3340.0
-5210.0 -5042.0 3182.0
-5335.0 -5072.0 3105.0
-5440.0 -5132.0 2865.0
-5455.0 -5152.0 2787.0
-5590.0 -5077.0 2527.0
-5652.0 -5097.0 2440.0
-5682.0 -5122.0 2127.0
-5705.0 -5142.0 1995.0
-5755.0 -5175.0 1662.0
-5735.0 -5137.0 1620.0
-5735.0 -5147.0 1405.0
-5755.0 -5175.0 1447.0
-5725.0 -5175.0 1857.0
-5725.0 -5205.0 2050.0
-5570.0 -5132.0 2470.0
-5492.0 -5097.0 2665.0
-5392.0 -5122.0 3017.0
-5340.0 -5087.0 3080.0
-5075.0 -5087.0 3530.0
-4952.0 -5072.0 3632.0
-4625.0 -5057.0 4015.0
-4527.0 -5057.0 4067.0
-4322.0 -5062.0 4210.0
-4257.0 -5042.0 4297.0
-4592.0 -5057.0 4020.0
-4650.0 -4992.0 3935.0
-4765.0 -5027.0 3857.0
-4857.0 -5032.0 3755.0
-5082.0 -5072.0 3402.0
-5175.0 -5062.0 3285.0
-5285.0 -5087.0 3125.0
-5330.0 -5052.0 3017.0
-5480.0 -5107.0 2757.0
-5590.0 -5097.0 2597.0
-5672.0 -5107.0 2240.0
-5740.0 -5147.0 2200.0
-5745.0 -5180.0 1765.0
-5767.0 -5210.0 1590.0
-5762.0 -5225.0 1287.0
-5750.0 -5185.0 1227.0
-5710.0 -5225.0 1405.0
-2937.0 -4942.0 4875.0
-2980.0 -4922.0 4850.0
-3120.0 -4942.0 4845.0
-3235.0 -4937.0 4787.0
-3540.0 -4952.0 4670.0
-3550.0 -4957.0 4660.0
-3842.0 -4982.0 4517.0
-3950.0 -4977.0 4502.0
-4177.0 -4987.0 4297.0
-4235.0 -5052.0 4302.0
-3982.0 -5027.0 4477.0
-3820.0 -5032.0 4527.0
-3525.0 -5052.0 4675.0
-3375.0 -5017.0 4737.0
-3177.0 -5067.0 4752.0
-3217.0 -5037.0 4717.0
-3225.0 -5077.0 4732.0
-3235.0 -5102.0 4752.0
-3202.0 -5067.0 4675.0
-3212.0 -5122.0 4712.0
-2942.0 -4957.0 4947.0
-3005.0 -4992.0 4885.0
-3275.0 -5037.0 4805.0
-3395.0 -5007.0 4727.0
-3597.0 -4977.0 4595.0
-3712.0 -5002.0 4542.0
-3882.0 -5067.0 4487.0
-3907.0 -5062.0 4425.0
-4172.0 -5012.0 4362.0
-4577.0 -5557.0 -925.0
-4557.0 -5517.0 -960.0
-4267.0 -5532.0 -1202.0
-4137.0 -5522.0 -1247.0
-3887.0 -5562.0 -1370.0
-3835.0 -5532.0 -1415.0
-3447.0 -5582.0 -1595.0
-3307.0 -5602.0 -1590.0
-3285.0 -5597.0 -1647.0
-3280.0 -5602.0 -1610.0
-3312.0 -5562.0 -1615.0
-3560.0 -5582.0 -1565.0
-4195.0 -5092.0 -1590.0
-4017.0 -5165.0 -1610.0
-3727.0 -5290.0 -1662.0
-3670.0 -5320.0 -1687.0
-3337.0 -5405.0 -1902.0
-3207.0 -5450.0 -1917.0
-3607.0 -5880.0 -1630.0
-4042.0 -5667.0 -1565.0
-4042.0 -5617.0 -1545.0
-1770.0 -4825.0 4982.0
-1832.0 -4962.0 4905.0
-1942.0 -4982.0 4932.0
-2415.0 -4962.0 4905.0
-2440.0 -4947.0 4880.0
-2657.0 -4972.0 4885.0
-2787.0 -4982.0 4865.0
-2917.0 -5067.0 4835.0
-2820.0 -5057.0 4835.0
-2522.0 -5082.0 4905.0
-2420.0 -5102.0 4885.0
-2160.0 -5097.0 4865.0
-2050.0 -5082.0 4865.0
-1870.0 -4997.0 4972.0
-1995.0 -4952.0 5017.0
-2415.0 -4962.0 5065.0
-2492.0 -4927.0 4997.0
-2710.0 -4937.0 5025.0
-2825.0 -4937.0 5007.0
-2710.0 -4927.0 4977.0
-2730.0 -4922.0 4947.0
-2850.0 -4942.0 5012.0
-2825.0 -4962.0 4982.0
-2902.0 -5582.0 -1975.0
-2840.0 -5607.0 -2015.0
-2662.0 -5647.0 -1927.0
-2627.0 -5657.0 -1897.0
-2507.0 -5747.0 -1942.0
-2362.0 -5777.0 -1970.0
-2310.0 -5792.0 -2005.0
-2247.0 -5810.0 -1990.0
-2222.0 -5940.0 -2167.0
-2595.0 -5920.0 -2087.0
-3380.0 -5875.0 -1820.0
-2902.0 -5677.0 -1872.0
-2570.0 -6000.0 -1600.0
-2420.0 -6045.0 -1472.0
-2690.0 -6005.0 -1517.0
-3017.0 -5325.0 -2142.0
-3087.0 -5370.0 -2087.0
-3375.0 -6212.0 -1155.0
-3150.0 -6755.0 -327.0
-1775.0 -3410.0 -2947.0
-3380.0 -5910.0 -987.0
-3292.0 -5970.0 -982.0
-3005.0 -6095.0 -910.0
-2882.0 -6045.0 -975.0
-2855.0 -6110.0 -900.0
-2880.0 -6127.0 -925.0
-2870.0 -6120.0 -960.0
-1445.0 -4957.0 4777.0
-1422.0 -4962.0 4815.0
-1450.0 -4952.0 4782.0
-1440.0 -4967.0 4772.0
-1450.0 -4957.0 4787.0
-1417.0 -4972.0 4727.0
-1450.0 -5002.0 4792.0
-1475.0 -4967.0 4747.0
-1432.0 -4982.0 4815.0
-1437.0 -4977.0 4805.0
-1407.0 -4952.0 4820.0
-1450.0 -4937.0 4797.0
-1485.0 -4937.0 4805.0
-1407.0 -4967.0 4772.0
-1470.0 -4927.0 4810.0
-1437.0 -4972.0 4762.0
-1422.0 -4967.0 4810.0
-1432.0 -4977.0 4742.0
-1397.0 -5007.0 4762.0
-1422.0 -4962.0 4815.0
-1422.0 -4957.0 4805.0
-1417.0 -4957.0 4772.0
-1422.0 -4952.0 4815.0
-1432.0 -4957.0 4797.0
-1432.0 -4942.0 4805.0
-1407.0 -4977.0 4782.0
-1382.0 -4952.0 4782.0
-1432.0 -4962.0 4840.0
-1460.0 -4942.0 4762.0
-1407.0 -4942.0 4762.0
-1427.0 -4962.0 4792.0
-1422.0 -4907.0 4787.0
-1445.0 -4947.0 4767.0
-1412.0 -4957.0 4797.0
-1412.0 -4997.0 4787.0
-1417.0 -4982.0 4805.0
-1432.0 -4937.0 4797.0
-1417.0 -4977.0 4772.0
-1445.0 -4952.0 4805.0
-1455.0 -4972.0 4850.0
-1432.0 -4987.0 4772.0
-1427.0 -5007.0 4825.0
-1445.0 -4982.0 4820.0
-1445.0 -4977.0 4782.0
-1445.0 -4952.0 4792.0
-1445.0 -4957.0 4815.0
-1432.0 -4977.0 4782.0
-1432.0 -4927.0 4777.0
-1422.0 -4967.0 4830.0
-1455.0 -4992.0 4815.0
-852.0 -5160.0 4675.0
-842.0 -5092.0 4675.0
-727.0 -5112.0 4605.0
-702.0 -5077.0 4595.0
-635.0 -5147.0 4547.0
-597.0 -5122.0 4522.0
-490.0 -5142.0 4482.0
-442.0 -5117.0 4497.0
-272.0 -5160.0 4450.0
-287.0 -5137.0 4380.0
-157.0 -5137.0 4317.0
-125.0 -5147.0 4297.0
-192.0 -5092.0 4250.0
-322.0 -5042.0 4375.0
-747.0 -5067.0 4640.0
-712.0 -5087.0 4577.0
-712.0 -5027.0 4625.0
-687.0 -5047.0 4590.0
-660.0 -5052.0 4562.0
-670.0 -5017.0 4585.0
-17.0 -4992.0 -1292.0
-1102.0 -6977.0 2485.0
-505.0 -6520.0 3177.0
-135.0 -5012.0 4435.0
-412.0 -4715.0 4650.0
-712.0 -4862.0 4650.0
-842.0 -5032.0 4600.0
-110.0 -4842.0 4465.0
-1022.0 -5930.0 -1002.0
-862.0 -5850.0 -1017.0
-650.0 -5777.0 -987.0
-607.0 -5727.0 -992.0
-640.0 -5797.0 -987.0
-660.0 -5772.0 -987.0
-670.0 -5782.0 -1032.0
-660.0 -5742.0 -1032.0
-727.0 -5810.0 -1022.0
-752.0 -5835.0 -1017.0
-765.0 -5810.0 -1047.0
-752.0 -5825.0 -1017.0
-790.0 -5875.0 -992.0
-755.0 -5820.0 -1027.0
-827.0 -5840.0 -1027.0
-852.0 -5840.0 -1052.0
-790.0 -5782.0 -1017.0
-852.0 -5797.0 -1022.0
-827.0 -5850.0 -1012.0
-822.0 -5845.0 -965.0
-795.0 -5835.0 -987.0
-785.0 -5845.0 -1012.0
42.0 -5127.0 4117.0
90.0 -5097.0 4072.0
162.0 -5180.0 3950.0
182.0 -5175.0 3970.0
287.0 -5185.0 3857.0
342.0 -5180.0 3785.0
480.0 -5210.0 3652.0
510.0 -5210.0 3622.0
510.0 -5285.0 3540.0
485.0 -5215.0 3520.0
547.0 -5200.0 3565.0
510.0 -5215.0 3560.0
572.0 -5215.0 3525.0
520.0 -5260.0 3500.0
557.0 -5210.0 3472.0
485.0 -5290.0 3462.0
412.0 -5390.0 3477.0
432.0 -5355.0 3472.0
620.0 -5320.0 3387.0
697.0 -5340.0 3237.0
827.0 -5360.0 2865.0
940.0 -5415.0 2700.0
935.0 -5345.0 2875.0
815.0 -5295.0 3060.0
547.0 -5260.0 3452.0
447.0 -5270.0 3652.0
115.0 -5185.0 3960.0
85.0 -5147.0 3995.0
760.0 -4655.0 -1002.0
630.0 -4695.0 -1082.0
490.0 -4685.0 -1185.0
412.0 -4842.0 -1100.0
115.0 -5012.0 -1195.0
37.0 -4962.0 -1212.0
142.0 -4987.0 -1165.0
520.0 -4755.0 -1110.0
567.0 -4680.0 -1105.0
0.0 -392.0 -2352.0
95.0 -5370.0 4107.0
375.0 -3817.0 -2015.0
380.0 -3747.0 -2077.0
52.0 -5390.0 -987.0
142.0 -5270.0 -1115.0
142.0 -5255.0 -1105.0
130.0 -5275.0 -1110.0
147.0 -5270.0 -1120.0
152.0 -5285.0 -1095.0
75.0 -5325.0 -1105.0
85.0 -5320.0 -1120.0
80.0 -5310.0 -1095.0
1060.0 -5435.0 2347.0
1060.0 -5460.0 2225.0
1112.0 -5455.0 2172.0
1117.0 -5440.0 2107.0
1142.0 -5425.0 2117.0
1122.0 -5400.0 2117.0
1097.0 -5435.0 2147.0
1095.0 -5415.0 2265.0
1340.0 -3915.0 -915.0
1267.0 -4010.0 -1017.0
910.0 -4110.0 -1320.0
925.0 -3965.0 -1370.0
1055.0 -3727.0 -1472.0
1027.0 -3617.0 -1477.0
1070.0 -3235.0 -1590.0
1147.0 -3167.0 -1570.0
260.0 -740.0 -2302.0
1287.0 -4540.0 3770.0
1465.0 -4540.0 3535.0
1580.0 -5305.0 2817.0
1437.0 -5612.0 2327.0
992.0 -5622.0 -20.0
1230.0 -5657.0 547.0
1557.0 -5037.0 167.0
1055.0 -4600.0 -975.0
1002.0 -2840.0 -1872.0
95.0 -310.0 -2045.0
85.0 -322.0 -2030.0
130.0 -397.0 -2070.0
110.0 -407.0 -2092.0
130.0 -372.0 -2082.0
115.0 -362.0 -2082.0
120.0 -352.0 -2045.0
95.0 -337.0 -2102.0
67.0 -327.0 -2070.0
105.0 -342.0 -2030.0
110.0 -305.0 -2132.0
95.0 -315.0 -2082.0
95.0 -362.0 -2087.0
100.0 -322.0 -2082.0
70.0 -327.0 -2087.0
80.0 -310.0 -2065.0
100.0 -357.0 -2097.0
85.0 -342.0 -2070.0
80.0 -300.0 -2065.0
62.0 -322.0 -2035.0
80.0 -347.0 -2025.0
80.0 -352.0 -2040.0
85.0 -285.0 -2030.0
75.0 -337.0 -2087.0
1142.0 -2912.0 -1662.0
1117.0 -2840.0 -1742.0
1090.0 -2467.0 -1830.0
1075.0 -2317.0 -1877.0
950.0 -2020.0 -2005.0
960.0 -1857.0 -2035.0
577.0 -1052.0 -2210.0
342.0 -755.0 -2285.0
177.0 -412.0 -2070.0
287.0 -547.0 -2060.0
920.0 -1832.0 -1902.0
955.0 -1812.0 -1877.0
955.0 -2240.0 -1975.0
962.0 -2397.0 -1937.0
962.0 -2377.0 -1887.0
505.0 -1117.0 -2127.0
240.0 -517.0 -2157.0
265.0 -512.0 -2082.0
332.0 -622.0 -2092.0
562.0 -982.0 -2020.0
607.0 -1062.0 -1990.0
572.0 -992.0 -2000.0
525.0 -992.0 -2040.0
120.0 -275.0 -2050.0
177.0 -392.0 -2050.0
220.0 -467.0 -2055.0
255.0 -442.0 -2030.0
142.0 -382.0 -2050.0
125.0 -332.0 -2050.0
157.0 -407.0 -2087.0
142.0 -372.0 -2092.0
182.0 -327.0 -2010.0
135.0 -347.0 -2102.0
130.0 -322.0 -2082.0
125.0 -285.0 -2005.0
167.0 -322.0 -2020.0
152.0 -367.0 -2082.0
147.0 -342.0 -2112.0
157.0 -357.0 -2087.0
152.0 -382.0 -2065.0
182.0 -337.0 -2020.0
162.0 -392.0 -2045.0
197.0 -377.0 -2025.0
162.0 -387.0 -2045.0
182.0 -337.0 -2050.0
192.0 -367.0 -2070.0
172.0 -372.0 -2030.0
177.0 -402.0 -2010.0
197.0 -402.0 -2050.0
172.0 -427.0 -2035.0
1905.0 -2342.0 -920.0
925.0 -1550.0 -2030.0
867.0 -1455.0 -2077.0
697.0 -1192.0 -2190.0
2227.0 -3285.0 3330.0
1755.0 -2215.0 -802.0
1765.0 -2302.0 -797.0
727.0 -875.0 -1912.0
780.0 -1082.0 -1927.0
795.0 -1142.0 -1937.0
810.0 -1390.0 -1912.0
225.0 -377.0 -2005.0
235.0 -357.0 -2035.0
282.0 -462.0 -2055.0
270.0 -462.0 -1995.0
260.0 -417.0 -2045.0
250.0 -402.0 -2015.0
260.0 -432.0 -2020.0
297.0 -437.0 -1975.0
317.0 -427.0 -2015.0
277.0 -477.0 -2025.0
282.0 -467.0 -2010.0
297.0 -447.0 -2035.0
282.0 -437.0 -1985.0
287.0 -472.0 -2000.0
302.0 -462.0 -1970.0
292.0 -467.0 -1990.0
297.0 -502.0 -2035.0
307.0 -492.0 -2000.0
332.0 -477.0 -2005.0
322.0 -472.0 -1990.0
287.0 -472.0 -2025.0
355.0 -472.0 -1980.0
345.0 -422.0 -1970.0
287.0 -492.0 -1995.0
307.0 -482.0 -2030.0
307.0 -467.0 -2015.0
287.0 -462.0 -2045.0
287.0 -452.0 -2025.0
322.0 -482.0 -2025.0
317.0 -462.0 -1970.0
355.0 -487.0 -1957.0
345.0 -537.0 -1965.0
317.0 -512.0 -1975.0
355.0 -462.0 -1980.0
277.0 -467.0 -2005.0
287.0 -467.0 -1995.0
337.0 -442.0 -2005.0
302.0 -462.0 -2025.0
297.0 -437.0 -2005.0
1910.0 -1912.0 -935.0
2357.0 -2775.0 3345.0
2270.0 -2055.0 3985.0
2270.0 -2422.0 3970.0
1455.0 -1340.0 -1120.0
1620.0 -1682.0 -935.0
1662.0 -1767.0 -905.0
915.0 -1017.0 -1785.0
945.0 -1077.0 -1785.0
810.0 -880.0 -1862.0
665.0 -587.0 -1850.0
747.0 -675.0 -1790.0
755.0 -675.0 -1815.0
692.0 -612.0 -1840.0
752.0 -670.0 -1795.0
707.0 -690.0 -1810.0
702.0 -650.0 -1830.0
732.0 -622.0 -1770.0
785.0 -685.0 -1795.0
775.0 -675.0 -1775.0
785.0 -670.0 -1742.0
770.0 -650.0 -1830.0
770.0 -670.0 -1770.0
785.0 -720.0 -1800.0
742.0 -645.0 -1755.0
785.0 -670.0 -1785.0
742.0 -705.0 -1790.0
770.0 -675.0 -1820.0
737.0 -622.0 -1755.0
780.0 -680.0 -1765.0
752.0 -632.0 -1780.0
847.0 -735.0 -1765.0
810.0 -775.0 -1760.0
827.0 -785.0 -1795.0
852.0 -765.0 -1790.0
795.0 -775.0 -1790.0
805.0 -790.0 -1770.0
795.0 -755.0 -1800.0
832.0 -730.0 -1800.0
842.0 -750.0 -1770.0
790.0 -760.0 -1765.0
790.0 -720.0 -1790.0
805.0 -685.0 -1780.0
800.0 -760.0 -1755.0
815.0 -760.0 -1810.0
785.0 -730.0 -1780.0
805.0 -680.0 -1732.0
795.0 -740.0 -1820.0
775.0 -690.0 -1770.0
857.0 -740.0 -1785.0
1572.0 -1212.0 -1292.0
1625.0 -1345.0 -1257.0
1957.0 -1310.0 4312.0
1977.0 -1330.0 4257.0
2040.0 -1420.0 4272.0
2050.0 -1485.0 4230.0
1107.0 -685.0 -1385.0
1205.0 -870.0 -1345.0
1450.0 -1192.0 -1135.0
755.0 -597.0 -1780.0
775.0 -645.0 -1800.0
790.0 -602.0 -1820.0
755.0 -602.0 -1737.0
795.0 -552.0 -1770.0
737.0 -557.0 -1785.0
755.0 -612.0 -1770.0
770.0 -587.0 -1750.0
832.0 -587.0 -1780.0
862.0 -592.0 -1790.0
832.0 -597.0 -1780.0
805.0 -617.0 -1770.0
785.0 -617.0 -1775.0
805.0 -612.0 -1765.0
810.0 -637.0 -1760.0
795.0 -622.0 -1765.0
775.0 -617.0 -1727.0
842.0 -685.0 -1800.0
810.0 -632.0 -1800.0
800.0 -622.0 -1785.0
785.0 -607.0 -1712.0
760.0 -617.0 -1765.0
770.0 -572.0 -1707.0
752.0 -617.0 -1717.0
760.0 -612.0 -1712.0
747.0 -607.0 -1760.0
822.0 -622.0 -1805.0
770.0 -627.0 -1765.0
775.0 -650.0 -1775.0
785.0 -607.0 -1775.0
832.0 -612.0 -1742.0
822.0 -607.0 -1770.0
822.0 -582.0 -1750.0
810.0 -607.0 -1712.0
752.0 -617.0 -1755.0
760.0 -592.0 -1785.0
760.0 -552.0 -1780.0
752.0 -572.0 -1760.0
760.0 -612.0 -1765.0
775.0 -637.0 -1805.0
765.0 -622.0 -1755.0
1230.0 -547.0 -1345.0
1297.0 -597.0 -1400.0
2455.0 -1247.0 3115.0
1792.0 -710.0 4322.0
1812.0 -875.0 4307.0
1692.0 -945.0 -875.0
1537.0 -670.0 -930.0
572.0 -260.0 -1790.0
540.0 -305.0 -1825.0
535.0 -295.0 -1825.0
567.0 -322.0 -1805.0
540.0 -310.0 -1790.0
592.0 -295.0 -1790.0
547.0 -305.0 -1805.0
577.0 -327.0 -1785.0
547.0 -310.0 -1830.0
547.0 -310.0 -1790.0
545.0 -285.0 -1810.0
557.0 -295.0 -1780.0
540.0 -290.0 -1805.0
557.0 -285.0 -1775.0
557.0 -290.0 -1760.0
552.0 -285.0 -1820.0
552.0 -240.0 -1857.0
552.0 -305.0 -1825.0
540.0 -305.0 -1825.0
540.0 -270.0 -1820.0
467.0 -260.0 -1810.0
540.0 -305.0 -1850.0
572.0 -265.0 -1825.0
567.0 -275.0 -1805.0
545.0 -270.0 -1790.0
547.0 -255.0 -1800.0
545.0 -285.0 -1810.0
535.0 -280.0 -1795.0
515.0 -295.0 -1810.0
535.0 -280.0 -1820.0
535.0 -300.0 -1770.0
562.0 -305.0 -1805.0
577.0 -290.0 -1800.0
562.0 -285.0 -1815.0
562.0 -305.0 -1765.0
530.0 -270.0 -1722.0
530.0 -295.0 -1800.0
520.0 -285.0 -1795.0
552.0 -265.0 -1790.0
520.0 -295.0 -1815.0
525.0 -300.0 -1825.0
547.0 -310.0 -1840.0
635.0 -327.0 -1780.0
1060.0 -205.0 -1432.0
2367.0 -845.0 3150.0
1730.0 -332.0 4287.0
1740.0 -367.0 4245.0
477.0 -105.0 -1765.0
332.0 -110.0 -1872.0
302.0 -55.0 -1835.0
360.0 -115.0 -1830.0
462.0 -100.0 -1790.0
422.0 -140.0 -1805.0
405.0 -85.0 -1785.0
400.0 -135.0 -1760.0
405.0 -120.0 -1785.0
405.0 -125.0 -1790.0
395.0 -75.0 -1770.0
380.0 -125.0 -1790.0
412.0 -105.0 -1820.0
432.0 -115.0 -1805.0
432.0 -125.0 -1810.0
442.0 -85.0 -1790.0
437.0 -90.0 -1795.0
417.0 -110.0 -1830.0
422.0 -105.0 -1770.0
385.0 -105.0 -1815.0
412.0 -85.0 -1805.0
417.0 -110.0 -1790.0
400.0 -80.0 -1815.0
405.0 -120.0 -1800.0
417.0 -85.0 -1790.0
422.0 -120.0 -1732.0
410.0 -85.0 -1800.0
410.0 -115.0 -1815.0
385.0 -90.0 -1805.0
405.0 -85.0 -1785.0
417.0 -90.0 -1810.0
452.0 -100.0 -1785.0
410.0 -95.0 -1805.0
485.0 -135.0 -1800.0
472.0 -135.0 -1820.0
410.0 -75.0 -1815.0
370.0 -85.0 -1780.0
412.0 -100.0 -1800.0
412.0 -125.0 -1815.0
370.0 -100.0 -1815.0
412.0 -130.0 -1760.0
385.0 -85.0 -1815.0
370.0 -125.0 -1825.0
400.0 -105.0 -1820.0
400.0 -105.0 -1810.0
432.0 -100.0 -1840.0
1007.0 -90.0 -1467.0
1842.0 -25.0 3467.0
1542.0 -55.0 4225.0
1537.0 -50.0 4240.0
1532.0 -150.0 4262.0
1557.0 -135.0 4230.0
707.0 -35.0 -1550.0
747.0 -70.0 -1482.0
1012.0 -70.0 -992.0
1030.0 -95.0 -975.0
1007.0 -60.0 -950.0
1040.0 -50.0 -955.0
1027.0 -60.0 -945.0
287.0 -35.0 -1877.0
312.0 -10.0 -1845.0
345.0 -15.0 -1790.0
302.0 -20.0 -1825.0
360.0 -35.0 -1820.0
322.0 -5.0 -1815.0
287.0 -15.0 -1835.0
332.0 -10.0 -1790.0
270.0 -5.0 -1825.0
282.0 -20.0 -1810.0
297.0 -15.0 -1800.0
265.0 -5.0 -1790.0
322.0 -25.0 -1800.0
410.0 -70.0 -1830.0
370.0 -55.0 -1692.0
405.0 -65.0 -1835.0
395.0 -60.0 -1795.0
410.0 -60.0 -1780.0
380.0 -60.0 -1765.0
485.0 -80.0 -1820.0
412.0 -55.0 -1820.0
390.0 -60.0 -1800.0
385.0 -50.0 -1805.0
375.0 -65.0 -1765.0
390.0 -65.0 -1840.0
422.0 -70.0 -1815.0
400.0 -60.0 -1800.0
370.0 -60.0 -1800.0
375.0 -40.0 -1800.0
442.0 -60.0 -1765.0
405.0 -55.0 -1775.0
410.0 -35.0 -1790.0
417.0 -70.0 -1790.0
385.0 -65.0 -1790.0
375.0 -55.0 -1785.0
395.0 -50.0 -1805.0
350.0 -50.0 -1815.0
